MAZE 9 7
0 0
0 1
0 2
1 0
2 0
2 3
3 0
3 1
4 0
4 2
5 0
6 0
6 3
7 0
7 1
7 2
8 2
8 3
9 1
9 3
10 1
10 2
10 3
11 0
11 1
11 2
12 2
12 3
13 1
13 3
14 0
14 1
14 2
15 0
16 2
16 3
17 0
17 1
18 0
18 2
18 3
19 0
19 1
19 3
20 1
20 3
21 0
21 1
21 3
22 1
22 3
23 0
23 1
24 2
24 3
25 0
25 1
25 3
26 1
26 3
27 1
27 3
28 1
28 2
29 3
30 1
31 0
31 2
32 2
34 3
35 0
35 1
35 3
36 1
36 3
37 1
37 2
37 3
38 0
38 1
38 2
39 0
39 3
40 1
40 2
40 3
41 1
41 3
42 1
42 3
43 1
44 0
44 2
45 0
45 2
45 3
46 1
46 2
47 0
47 2
48 3
49 1
49 2
51 0
52 0
53 0
53 2
54 0
54 2
55 2
55 3
56 0
56 1
56 2
57 2
57 3
58 1
58 2
58 3
59 1
59 2
60 0
60 2
61 0
61 2
62 0
62 2
62 3
