MAZE 9 9
0 0
0 1
0 3
1 0
1 1
1 3
2 0
2 1
2 2
3 0
3 2
4 0
4 3
5 0
5 1
5 2
6 0
7 0
7 2
8 0
8 3
9 1
10 2
10 3
11 0
11 1
11 2
12 0
12 3
13 1
13 2
14 0
15 2
16 0
16 2
16 3
17 1
17 2
17 3
18 1
18 3
19 0
19 1
20 0
20 2
21 2
22 0
23 3
24 0
24 1
25 0
26 0
26 2
26 3
27 1
27 2
28 3
29 0
29 1
29 2
30 0
30 2
31 2
31 3
32 1
32 2
33 2
33 3
34 1
34 2
35 0
35 3
36 0
36 1
36 3
37 1
37 3
38 0
38 1
38 2
39 0
39 2
40 0
41 0
41 2
41 3
42 0
42 1
43 0
43 2
43 3
44 1
44 3
45 1
45 3
46 1
46 3
47 0
47 1
47 2
48 0
48 3
49 1
49 3
50 0
50 1
50 2
51 2
52 0
52 2
53 3
54 1
54 3
55 1
55 3
56 0
56 1
56 3
57 1
57 3
58 1
59 0
60 0
60 2
61 0
61 2
61 3
62 1
62 2
62 3
63 1
63 2
64 2
65 3
66 1
67 3
68 1
68 2
69 0
70 0
70 2
71 0
71 3
72 0
72 1
72 2
73 0
73 2
74 2
75 2
75 3
76 1
76 2
76 3
77 0
77 1
77 2
78 2
78 3
79 0
79 1
79 2
80 2
80 3
